0 0.078420 0.644248 0.152123 0.261947
0 0.241156 0.653097 0.156840 0.269027
0 0.402123 0.728319 0.169811 0.313274
0 0.553066 0.846903 0.160377 0.263717
0 0.731132 0.890265 0.193396 0.219469
0 0.907429 0.915929 0.170991 0.168142
0 0.208137 0.397345 0.137972 0.196460
0 0.331958 0.438938 0.161557 0.208850
0 0.492335 0.470796 0.142689 0.247788
0 0.634434 0.525664 0.155660 0.240708
0 0.785967 0.597345 0.156840 0.192920
0 0.954599 0.658407 0.090802 0.194690
0 0.083726 0.366372 0.146226 0.226549
0 0.214033 0.144248 0.126179 0.196460
0 0.324882 0.179646 0.121462 0.200000
0 0.438679 0.222124 0.129717 0.210619
0 0.571344 0.257522 0.116745 0.217699
0 0.693986 0.325664 0.123821 0.173451
0 0.830189 0.344248 0.139151 0.196460
0 0.952241 0.430973 0.095519 0.093805
0 0.628538 0.093805 0.113208 0.184071
0 0.512382 0.069912 0.109670 0.136283
0 0.403302 0.055752 0.101415 0.107965
0 0.093160 0.152212 0.115566 0.176991
0 0.038325 0.101770 0.074292 0.182301
0 0.300118 0.045133 0.104953 0.086726
0 0.862618 0.163717 0.119104 0.115044
0 0.969340 0.189381 0.061321 0.095575
