0 0.184091 0.601515 0.080303 0.106061
0 0.326515 0.813636 0.083333 0.130303
0 0.341667 0.933333 0.086364 0.133333
0 0.242424 0.659091 0.069697 0.124242
0 0.328030 0.704545 0.065152 0.124242
0 0.421212 0.822727 0.063636 0.166667
0 0.462879 0.953030 0.077273 0.093939
0 0.554545 0.971212 0.078788 0.057576
0 0.275000 0.606061 0.071212 0.115152
0 0.196212 0.507576 0.062121 0.112121
0 0.255303 0.539394 0.065152 0.096970
0 0.330303 0.533333 0.060606 0.109091
0 0.384848 0.498485 0.048485 0.124242
0 0.434848 0.487879 0.048485 0.109091
0 0.471970 0.672727 0.059091 0.109091
0 0.478030 0.777273 0.059091 0.166667
0 0.538636 0.800000 0.068182 0.127273
0 0.612879 0.806061 0.077273 0.145455
0 0.690909 0.801515 0.063636 0.142424
0 0.157576 0.462121 0.066667 0.100000
0 0.228030 0.419697 0.062121 0.100000
0 0.159091 0.395455 0.057576 0.081818
0 0.235606 0.342424 0.056061 0.090909
0 0.554545 0.651515 0.063636 0.078788
0 0.565152 0.718182 0.075758 0.109091
0 0.692424 0.936364 0.078788 0.127273
0 0.753030 0.883333 0.072727 0.142424
0 0.728788 0.610606 0.054545 0.118182
0 0.297727 0.406061 0.050000 0.090909
0 0.382576 0.369697 0.040909 0.103030
0 0.408333 0.421212 0.040909 0.090909
0 0.572727 0.453030 0.051515 0.093939
0 0.590909 0.540909 0.060606 0.093939
0 0.472727 0.360606 0.054545 0.096970
0 0.522727 0.404545 0.051515 0.100000
0 0.224242 0.306061 0.054545 0.072727
0 0.296212 0.346970 0.056061 0.081818
0 0.394697 0.624242 0.068182 0.115152
0 0.290909 0.293939 0.051515 0.066667
0 0.336364 0.284848 0.051515 0.078788
0 0.144697 0.290909 0.056061 0.072727
0 0.795455 0.651515 0.069697 0.115152
0 0.799242 0.563636 0.056061 0.115152
0 0.649242 0.566667 0.053030 0.103030
0 0.315909 0.239394 0.046970 0.078788
0 0.271212 0.257576 0.048485 0.072727
0 0.042424 0.080303 0.045455 0.069697
0 0.151515 0.063636 0.033333 0.060606
0 0.501515 0.569697 0.066667 0.109091
