0 0.114583 0.715278 0.140625 0.245370
0 0.252604 0.719907 0.135417 0.236111
0 0.391276 0.716435 0.134115 0.224537
0 0.529948 0.721065 0.138021 0.229167
0 0.671224 0.722222 0.131510 0.250000
0 0.140625 0.575231 0.122396 0.173611
0 0.270182 0.562500 0.121094 0.180556
0 0.400391 0.554398 0.123698 0.187500
0 0.537760 0.552083 0.127604 0.178241
0 0.669922 0.550926 0.126302 0.162037
0 0.164714 0.437500 0.113281 0.175926
0 0.289062 0.424769 0.111979 0.150463
0 0.415365 0.408565 0.119792 0.159722
0 0.543620 0.410880 0.121094 0.168981
0 0.671224 0.418981 0.118490 0.162037
0 0.182943 0.305556 0.115885 0.162037
0 0.301432 0.284722 0.113281 0.162037
0 0.426432 0.280093 0.115885 0.129630
0 0.548828 0.282407 0.113281 0.148148
0 0.671875 0.289352 0.114583 0.171296
0 0.199870 0.182870 0.115885 0.171296
0 0.317057 0.170139 0.118490 0.164352
0 0.434896 0.180556 0.109375 0.138889
0 0.552734 0.170139 0.108073 0.136574
0 0.668620 0.151620 0.113281 0.155093
0 0.220703 0.077546 0.110677 0.150463
0 0.333984 0.075231 0.102865 0.136574
0 0.442057 0.070602 0.105469 0.136574
0 0.555339 0.068287 0.108073 0.131944
0 0.669922 0.068287 0.115885 0.131944
