0 0.193750 0.734722 0.179167 0.247222
0 0.361458 0.768056 0.177083 0.202778
0 0.543750 0.802778 0.191667 0.144444
0 0.801042 0.709722 0.156250 0.230556
0 0.481250 0.594444 0.145833 0.211111
0 0.634375 0.650000 0.152083 0.211111
0 0.339583 0.550000 0.145833 0.188889
0 0.212500 0.500000 0.145833 0.177778
0 0.073958 0.661111 0.143750 0.222222
0 0.097917 0.456944 0.150000 0.163889
0 0.942708 0.762500 0.114583 0.230556
0 0.445833 0.415278 0.125000 0.158333
0 0.565625 0.455556 0.118750 0.166667
0 0.693750 0.493056 0.129167 0.169444
0 0.834375 0.531944 0.135417 0.180556
0 0.956250 0.573611 0.087500 0.163889
0 0.326042 0.386111 0.122917 0.155556
0 0.223958 0.351389 0.122917 0.141667
0 0.128125 0.323611 0.127083 0.147222
0 0.415625 0.291667 0.106250 0.127778
0 0.516667 0.330556 0.108333 0.144444
0 0.625000 0.356944 0.108333 0.141667
0 0.741667 0.388889 0.108333 0.150000
0 0.858333 0.411111 0.116667 0.144444
0 0.966667 0.337500 0.066667 0.108333
0 0.960417 0.443056 0.079167 0.152778
0 0.048958 0.284722 0.093750 0.141667
0 0.237500 0.254167 0.104167 0.125000
0 0.321875 0.268056 0.097917 0.113889
0 0.150000 0.215278 0.104167 0.108333
0 0.064583 0.190278 0.104167 0.086111
0 0.485417 0.223611 0.095833 0.113889
0 0.576042 0.258333 0.093750 0.138889
0 0.671875 0.280556 0.093750 0.138889
0 0.772917 0.304167 0.100000 0.130556
0 0.398958 0.200000 0.093750 0.100000
0 0.312500 0.181944 0.100000 0.097222
0 0.239583 0.168056 0.091667 0.086111
