0 0.549091 0.778689 0.174545 0.234973
0 0.234545 0.778689 0.229091 0.256831
0 0.512727 0.581967 0.116364 0.158470
0 0.685455 0.639344 0.134545 0.153005
0 0.270909 0.584699 0.149091 0.142077
0 0.354545 0.680328 0.156364 0.180328
0 0.240000 0.505464 0.123636 0.103825
0 0.347273 0.513661 0.105455 0.109290
0 0.400000 0.601093 0.123636 0.120219
0 0.840000 0.718579 0.167273 0.169399
0 0.889091 0.822404 0.192727 0.191257
0 0.907273 0.923497 0.185455 0.153005
0 0.447273 0.508197 0.109091 0.109290
0 0.630909 0.483607 0.090909 0.103825
0 0.490909 0.453552 0.087273 0.109290
0 0.145455 0.426230 0.101818 0.109290
0 0.249091 0.434426 0.098182 0.092896
0 0.696364 0.516393 0.098182 0.103825
0 0.876364 0.560109 0.094545 0.114754
0 0.829091 0.625683 0.130909 0.114754
0 0.787273 0.538251 0.083636 0.136612
0 0.850909 0.483607 0.080000 0.103825
0 0.734545 0.357923 0.058182 0.071038
0 0.445455 0.404372 0.076364 0.076503
0 0.320000 0.456284 0.094545 0.071038
0 0.621818 0.368852 0.058182 0.081967
0 0.521818 0.363388 0.054545 0.060109
0 0.945455 0.655738 0.109091 0.174863
