0 0.375000 0.779951 0.240196 0.303178
0 0.611111 0.854523 0.281046 0.281174
0 0.669118 0.669927 0.246732 0.259169
0 0.129902 0.693154 0.217320 0.271394
0 0.203431 0.542787 0.194444 0.234719
0 0.439542 0.600244 0.225490 0.232274
0 0.693627 0.525672 0.223856 0.220049
0 0.299020 0.437653 0.189542 0.220049
0 0.111111 0.387531 0.176471 0.193154
0 0.068627 0.491443 0.133987 0.215159
0 0.478758 0.473105 0.176471 0.202934
0 0.752451 0.419315 0.197712 0.202934
0 0.333333 0.331296 0.160131 0.207824
0 0.765523 0.317848 0.187908 0.161369
0 0.201797 0.306846 0.135621 0.173594
0 0.263072 0.220049 0.143791 0.141809
0 0.565359 0.289731 0.160131 0.178484
0 0.936275 0.446210 0.127451 0.183374
0 0.937908 0.578240 0.124183 0.193154
0 0.940359 0.753056 0.119281 0.200489
0 0.819444 0.119804 0.155229 0.161369
0 0.219771 0.903423 0.302288 0.193154
