0 0.184375 0.617545 0.122500 0.171997
0 0.257500 0.688850 0.142500 0.172861
0 0.342813 0.777442 0.125625 0.166811
0 0.431250 0.845290 0.137500 0.145203
0 0.106250 0.557476 0.127500 0.159032
0 0.093438 0.843129 0.153125 0.159896
0 0.557187 0.720398 0.119375 0.170268
0 0.659375 0.789542 0.133750 0.180640
0 0.766875 0.852636 0.126250 0.139153
0 0.169687 0.408816 0.108125 0.117545
0 0.237500 0.453328 0.113750 0.132239
0 0.305312 0.520743 0.103125 0.130510
0 0.383125 0.575627 0.117500 0.141746
0 0.466250 0.638289 0.120000 0.156439
0 0.854688 0.732498 0.116875 0.177182
0 0.954688 0.811150 0.090625 0.170268
0 0.752500 0.668539 0.105000 0.140882
0 0.486250 0.484875 0.100000 0.124460
0 0.571562 0.532844 0.099375 0.146067
0 0.659062 0.592481 0.105625 0.139153
0 0.415625 0.426534 0.101250 0.127053
0 0.342187 0.369922 0.101875 0.126188
0 0.279687 0.320657 0.101875 0.119274
0 0.216250 0.282627 0.092500 0.112360
0 0.157500 0.242437 0.100000 0.104581
0 0.051250 0.310717 0.101250 0.114952
0 0.055625 0.495246 0.110000 0.148660
0 0.927813 0.611063 0.103125 0.131374
0 0.658125 0.436474 0.098750 0.126188
0 0.740313 0.492653 0.115625 0.131374
0 0.829375 0.544080 0.107500 0.139153
0 0.500313 0.340536 0.095625 0.112360
0 0.578438 0.379862 0.104375 0.123596
0 0.436875 0.294296 0.096250 0.106309
0 0.372188 0.259291 0.094375 0.108902
0 0.318437 0.218669 0.093125 0.107174
0 0.259375 0.184961 0.091250 0.098531
0 0.205000 0.156871 0.081250 0.094209
0 0.897188 0.452895 0.098125 0.124460
0 0.813750 0.409680 0.093750 0.124460
0 0.592187 0.175022 0.085625 0.101124
0 0.399687 0.169404 0.075625 0.089888
0 0.293438 0.103717 0.078125 0.089888
0 0.724063 0.248055 0.080625 0.100259
0 0.657813 0.213483 0.079375 0.107174
0 0.853125 0.231634 0.073750 0.115817
0 0.901563 0.175454 0.073125 0.095073
0 0.925312 0.267502 0.081875 0.113224
0 0.529687 0.147796 0.078125 0.082973
0 0.456875 0.198358 0.082500 0.101124
0 0.656563 0.128349 0.075625 0.090752
0 0.719063 0.158600 0.070625 0.090752
0 0.783750 0.194036 0.082500 0.114952
0 0.838437 0.142178 0.080625 0.102852
0 0.966562 0.206569 0.066875 0.089888
