0 0.275586 0.870581 0.186328 0.258838
0 0.561523 0.847513 0.192578 0.304973
0 0.705664 0.681246 0.173828 0.280407
0 0.816406 0.508388 0.167187 0.251049
0 0.922461 0.366387 0.150391 0.227082
0 0.285938 0.547633 0.168750 0.238466
0 0.150195 0.707310 0.179297 0.273817
0 0.416406 0.699521 0.180469 0.276213
0 0.555469 0.542241 0.165625 0.255243
0 0.685352 0.396645 0.171484 0.260036
0 0.785547 0.254044 0.155469 0.234871
0 0.878711 0.142900 0.148828 0.247454
0 0.424805 0.400240 0.165234 0.243259
0 0.550391 0.268125 0.152344 0.247454
0 0.656836 0.158478 0.147266 0.245057
0 0.752734 0.079688 0.139844 0.158179
0 0.183203 0.400539 0.156250 0.229479
0 0.061914 0.551528 0.123047 0.253445
0 0.315430 0.270521 0.152734 0.229479
0 0.433008 0.181546 0.138672 0.262433
0 0.536133 0.080887 0.140234 0.160575
0 0.331250 0.083283 0.141406 0.165368
0 0.211719 0.174356 0.154688 0.220491
0 0.077344 0.291791 0.153906 0.233673
