0 0.225769 0.786374 0.151538 0.163972
0 0.381923 0.682448 0.120769 0.136259
0 0.528846 0.620670 0.114615 0.125866
0 0.686538 0.632794 0.116154 0.154734
0 0.890000 0.763279 0.133846 0.200924
0 0.391154 0.504619 0.090000 0.108545
0 0.221923 0.579677 0.128462 0.113164
0 0.552692 0.422633 0.080769 0.092379
0 0.651154 0.372979 0.071538 0.080831
0 0.747692 0.331409 0.066154 0.078522
0 0.835769 0.287529 0.060769 0.076212
0 0.905385 0.256928 0.061538 0.065820
0 0.169231 0.463626 0.107692 0.102771
0 0.315000 0.391455 0.085385 0.094688
0 0.418077 0.325635 0.056154 0.080831
0 0.451538 0.267321 0.047692 0.081986
0 0.450385 0.209584 0.039231 0.058891
0 0.426154 0.171478 0.033846 0.054273
0 0.450769 0.129330 0.033846 0.048499
0 0.521923 0.120670 0.033077 0.047344
0 0.585769 0.110855 0.033077 0.048499
0 0.398462 0.139723 0.032308 0.048499
0 0.375385 0.116051 0.029231 0.045035
0 0.359231 0.093533 0.026154 0.039261
0 0.403077 0.050808 0.027692 0.030023
0 0.447692 0.045612 0.024615 0.031178
0 0.491538 0.042725 0.024615 0.032333
0 0.540000 0.039261 0.023077 0.027714
0 0.368077 0.062356 0.025385 0.032333
0 0.618846 0.034642 0.023846 0.023095
0 0.688462 0.031178 0.018462 0.030023
0 0.648462 0.033487 0.024615 0.030023
0 0.698462 0.090647 0.027692 0.038106
0 0.349615 0.072748 0.022308 0.027714
