0 0.174805 0.838596 0.203516 0.292398
0 0.378906 0.845906 0.196875 0.307018
0 0.591406 0.843860 0.190625 0.276023
0 0.795703 0.823684 0.213281 0.282456
0 0.951172 0.829825 0.097656 0.260819
0 0.406641 0.646491 0.154688 0.171345
0 0.241406 0.666667 0.156250 0.182456
0 0.078906 0.687135 0.154688 0.229240
0 0.566602 0.670468 0.147266 0.192398
0 0.727344 0.665497 0.156250 0.202339
0 0.882812 0.662865 0.157812 0.183041
0 0.933594 0.573392 0.132812 0.164327
0 0.549805 0.553509 0.127734 0.129240
0 0.417187 0.559357 0.115625 0.117544
0 0.287109 0.568421 0.117188 0.142690
0 0.150391 0.563158 0.130469 0.150877
0 0.042188 0.558772 0.082812 0.142105
0 0.207813 0.495614 0.103125 0.130409
0 0.316406 0.496784 0.107813 0.130409
0 0.430859 0.492398 0.095312 0.105263
0 0.538477 0.487427 0.104297 0.109357
0 0.649219 0.483333 0.105469 0.108187
0 0.757422 0.493567 0.100781 0.128655
0 0.865430 0.497368 0.111328 0.126901
0 0.960156 0.483918 0.079687 0.109357
0 0.094922 0.488596 0.118750 0.122222
0 0.434375 0.431287 0.085938 0.077778
0 0.244336 0.444152 0.090234 0.105848
0 0.147266 0.443567 0.096094 0.109357
0 0.337109 0.441228 0.090625 0.102339
0 0.530078 0.437135 0.082031 0.076608
0 0.624805 0.443567 0.086328 0.095322
0 0.721289 0.446784 0.093359 0.108772
0 0.813672 0.442982 0.096094 0.108187
