0 0.069792 0.579630 0.135417 0.218519
0 0.122917 0.487037 0.141667 0.203704
0 0.333333 0.577778 0.154167 0.222222
0 0.432292 0.679630 0.164583 0.240741
0 0.534375 0.775926 0.164583 0.203704
0 0.491667 0.909259 0.170833 0.181481
0 0.141667 0.346296 0.145833 0.188889
0 0.490625 0.533333 0.135417 0.192593
0 0.581250 0.659259 0.145833 0.170370
0 0.686458 0.750000 0.160417 0.255556
0 0.664583 0.888889 0.187500 0.222222
0 0.851042 0.814815 0.177083 0.214815
0 0.498958 0.292593 0.127083 0.155556
0 0.271875 0.337037 0.127083 0.177778
0 0.233333 0.237037 0.129167 0.140741
0 0.113542 0.255556 0.131250 0.185185
0 0.073958 0.172222 0.135417 0.181481
0 0.317708 0.177778 0.118750 0.185185
0 0.429167 0.142593 0.125000 0.151852
0 0.577083 0.201852 0.104167 0.174074
0 0.670833 0.170370 0.112500 0.155556
0 0.788542 0.170370 0.131250 0.170370
0 0.801042 0.303704 0.131250 0.185185
0 0.875000 0.359259 0.145833 0.170370
0 0.841667 0.483333 0.141667 0.196296
0 0.739583 0.537037 0.133333 0.244444
0 0.668750 0.433333 0.133333 0.185185
0 0.501042 0.403704 0.135417 0.162963
0 0.390625 0.348148 0.131250 0.155556
0 0.902083 0.668519 0.145833 0.262963
0 0.789583 0.059259 0.120833 0.111111
0 0.287500 0.072222 0.104167 0.137037
