0 0.633987 0.740831 0.186275 0.220049
0 0.808824 0.717604 0.192810 0.222494
0 0.114379 0.671149 0.205882 0.202934
0 0.250817 0.621027 0.138889 0.195599
0 0.363562 0.650367 0.168301 0.215159
0 0.488562 0.699267 0.169935 0.205379
0 0.936275 0.701711 0.127451 0.195599
0 0.282680 0.500000 0.130719 0.124694
0 0.508170 0.580685 0.143791 0.139364
0 0.633170 0.606357 0.148693 0.136919
0 0.120915 0.556235 0.176471 0.105134
0 0.144608 0.493888 0.148693 0.112469
0 0.411765 0.484108 0.130719 0.112469
0 0.510621 0.444988 0.109477 0.122249
0 0.504085 0.339853 0.086601 0.097800
0 0.119281 0.449878 0.127451 0.097800
0 0.303922 0.442543 0.117647 0.102689
0 0.408497 0.427873 0.111111 0.088020
0 0.296569 0.360636 0.099673 0.085575
0 0.377451 0.342298 0.098039 0.092910
0 0.114379 0.397311 0.111111 0.066015
0 0.566993 0.422983 0.081699 0.102689
