0 0.261562 0.498699 0.174375 0.239376
0 0.494375 0.578491 0.257500 0.287944
0 0.715313 0.573287 0.213125 0.225499
0 0.919375 0.780139 0.161250 0.280139
0 0.281250 0.280572 0.163750 0.290546
0 0.456250 0.220729 0.205000 0.193408
0 0.460938 0.363400 0.236875 0.223764
0 0.700625 0.369905 0.230000 0.281873
0 0.930000 0.333912 0.140000 0.268864
0 0.163125 0.242411 0.152500 0.252385
0 0.121563 0.658283 0.181875 0.234172
0 0.661875 0.760191 0.238750 0.264527
0 0.445000 0.820035 0.198750 0.214224
0 0.597500 0.122290 0.158750 0.216826
0 0.809688 0.176496 0.210625 0.254120
0 0.062187 0.386817 0.123125 0.230703
0 0.175625 0.437988 0.125000 0.208153
0 0.231875 0.109714 0.096250 0.158716
0 0.131875 0.096704 0.136250 0.124024
0 0.695000 0.175195 0.107500 0.140503
0 0.851250 0.533391 0.115000 0.190807
0 0.878437 0.279705 0.148125 0.146574
0 0.573438 0.255854 0.095625 0.150911
0 0.699375 0.180399 0.115000 0.143972
0 0.335938 0.101908 0.144375 0.189939
0 0.291875 0.700347 0.201250 0.377277
